[[-50490380172962619385744211077 339797566654484504780876359405 -201834822863466853845075344943 174646627436521970009261458507 -21129228312635039256975350202 -15860455275145308264526505178 -42954592012743855007419218738 -53040786129736384138317048159 -379804773044639765008258106971 653784540835122536963526734936 388631265738150057345014702958 ]
[-646683408546095129162033931947 196252155955420678099213528694 389841114328475320105100751 585197820082692192388810093203 -243740769276439001880225847867 282107319973016668819806023145 -114029526173534831735573369895 -23600005889704498842231394405 147985058150749260198792582983 -400490649336155536324189939016 -560859352470778970777477216508 ]
[254628370065562536849006653095 -450315928131909777735310303546 -334228998520264810986100010074 362604660562187556565444236347 -93961967923925977318019782157 444622458238996616932536410226 511931759095705379885709708693 132829040048668040439054744672 -157810890870263992009998058450 597300146413143240015417937687 -544210015609423824919843975841 ]
[-545731242466448754742906551865 21660093952573699694475761998 880081308831126751365416812804 145641250912621867674142746859 -233877051456347712660335304856 -403072768779062009707718835121 203211970838196953100908655709 545095077332323757302210089456 -1010484297399676451912001279329 263868538991099819800081451289 -374362701841482343084644972883 ]
[-43362759663576745700894328112 222351914823460106153749853783 600770538797133548583765962528 -157168191769166853302472976872 177678860341578287045804593697 934195707060922812556628971567 -612443590172603267773215321446 -948374851217843324417956821345 367003776155095613759437356515 278219061079057846391779247056 -485075275715565735048143651045 ]
[748534674052068614825470989140 605701508154495889065343436999 -206241065841275288261514312695 -191428698561694107630075864314 365920937643684354870592294204 552371226644185830333278326631 516050205626109186488701310460 -1131748915447162263436334540081 -350362935699467740662624862045 -641232878782488783694056598830 339535423764560850957831377275 ]
[-675229593354808259453425962757 -688796952931487283467144639155 -329295136423697066429104776975 362913999658857172756648825 373493360692006128600170393014 -934506422566812046866671957075 382044733718788921888177642868 -272270113200687479621760155179 482775319997833883954867729902 782209824841778254613430976274 428151153738349587300700871790 ]
[-952008598032609887770022112246 852364316425989534095971270303 -980412485184512900768346120847 -688012090800225558396703802820 383400156916277781907349816650 -15251131655005633543193478111 488570407216563477930753290987 -187173416470803887793058413083 371465879259394395079615712987 -803419043572991766138563037885 -173086212149018788866323576704 ]
[624600857158911122329248158314 168461721904884690337138077353 -97567137659283624699482859826 -59094915297757229974327838223 -1155947728953620438280884325492 401444941360586191508645793887 353794514067465517119003773732 -292175638659459055003892195274 208654363820100364203194616088 -177454198105737784980268066553 1169076988724952456548354475418 ]
[303315932505069143560793956614 -471778747772473599863454539191 -159518601465882642725422673731 266050451290101507628710440750 -453267154637327105220401157583 1232612076615643935238055853399 -56373830854974476512732467551 -144976672121690582973053598017 -210061257495621216780655938884 -1039534731886994840460099704454 896956624043147824507105517346 ]
]
